-2.4	-2.1	20	25	0.9086	0.0150266	0.9228	0.012042	-1	-1	-1	-1
-2.4	-2.1	25	30	0.9207	0.00853288	0.9393	0.0090824	-1	-1	-1	-1
-2.4	-2.1	30	35	0.9281	0.0212897	0.9547	0.00708378	-1	-1	-1	-1
-2.4	-2.1	35	40	0.94	0.0121277	0.9638	0.00907083	-1	-1	-1	-1
-2.4	-2.1	40	45	0.9536	0.00360555	0.9786	0.00697711	-1	-1	-1	-1
-2.4	-2.1	45	50	0.9515	0.00791202	0.9794	0.00192354	-1	-1	-1	-1
-2.4	-2.1	50	60	0.9505	0.00934719	0.9825	0.00545894	-1	-1	-1	-1
-2.4	-2.1	60	120	0.9421	0.088871	0.9893	0.00459674	-1	-1	-1	-1
-2.1	-1.85	20	25	0.9157	0.0250056	0.937	0.0095268	-1	-1	-1	-1
-2.1	-1.85	25	30	0.9459	0.0094921	0.9603	0.00462277	-1	-1	-1	-1
-2.1	-1.85	30	35	0.9539	0.014857	0.9696	0.00318904	-1	-1	-1	-1
-2.1	-1.85	35	40	0.9664	0.00545894	0.9793	0.00420476	-1	-1	-1	-1
-2.1	-1.85	40	45	0.9783	0.00579828	0.9871	0.0019105	-1	-1	-1	-1
-2.1	-1.85	45	50	0.98	0.00585235	0.9907	0.00148661	-1	-1	-1	-1
-2.1	-1.85	50	60	0.9846	0.016029	0.9938	0.00674759	-1	-1	-1	-1
-2.1	-1.85	60	120	0.9866	0.0240027	0.9905	0.00349857	-1	-1	-1	-1
-1.85	-1.6	20	25	0.9174	0.0191324	0.916	0.0155309	-1	-1	-1	-1
-1.85	-1.6	25	30	0.9289	0.0232723	0.9461	0.0140389	-1	-1	-1	-1
-1.85	-1.6	30	35	0.9475	0.0140943	0.9661	0.00308058	-1	-1	-1	-1
-1.85	-1.6	35	40	0.9612	0.0106212	0.9782	0.00604401	-1	-1	-1	-1
-1.85	-1.6	40	45	0.9703	0.00537587	0.9851	0.00161245	-1	-1	-1	-1
-1.85	-1.6	45	50	0.9741	0.00450444	0.9912	0.00304795	-1	-1	-1	-1
-1.85	-1.6	50	60	0.9597	0.0263712	0.9847	0.00761577	-1	-1	-1	-1
-1.85	-1.6	60	120	0.9596	0.0201062	0.9883	0.0043909	-1	-1	-1	-1
-1.6	-1.4	20	25	0.9369	0.0297893	0.9094	0.0243994	-1	-1	-1	-1
-1.6	-1.4	25	30	0.9543	0.0128082	0.9533	0.00822922	-1	-1	-1	-1
-1.6	-1.4	30	35	0.9572	0.00917606	0.9592	0.00677791	-1	-1	-1	-1
-1.6	-1.4	35	40	0.9717	0.00601664	0.9727	0.00769415	-1	-1	-1	-1
-1.6	-1.4	40	45	0.9824	0.00252389	0.984	0.00245967	-1	-1	-1	-1
-1.6	-1.4	45	50	0.9861	0.00622977	0.9875	0.00144222	-1	-1	-1	-1
-1.6	-1.4	50	60	0.987	0.00873212	0.9888	0.00474236	-1	-1	-1	-1
-1.6	-1.4	60	120	0.9979	0.05	0.9923	0.00264008	-1	-1	-1	-1
-1.4	-1.2	20	25	0.9323	0.0206737	0.929	0.00904434	-1	-1	-1	-1
-1.4	-1.2	25	30	0.9361	0.0175146	0.9366	0.00560357	-1	-1	-1	-1
-1.4	-1.2	30	35	0.9588	0.00565685	0.9559	0.00664831	-1	-1	-1	-1
-1.4	-1.2	35	40	0.9663	0.00586941	0.971	0.00362353	-1	-1	-1	-1
-1.4	-1.2	40	45	0.9771	0.00506952	0.9818	0.0031241	-1	-1	-1	-1
-1.4	-1.2	45	50	0.9802	0.00439318	0.9822	0.00414367	-1	-1	-1	-1
-1.4	-1.2	50	60	0.9814	0.00500899	0.9871	0.00863481	-1	-1	-1	-1
-1.4	-1.2	60	120	0.972	0.0212822	0.9922	0.00694622	-1	-1	-1	-1
-1.2	-0.9	20	25	0.9241	0.0110675	0.9264	0.00749466	-1	-1	-1	-1
-1.2	-0.9	25	30	0.9384	0.0228162	0.9419	0.00809568	-1	-1	-1	-1
-1.2	-0.9	30	35	0.9445	0.0155544	0.9518	0.00992975	-1	-1	-1	-1
-1.2	-0.9	35	40	0.9643	0.00872983	0.9738	0.00943663	-1	-1	-1	-1
-1.2	-0.9	40	45	0.9778	0.00412311	0.98	0.00152643	-1	-1	-1	-1
-1.2	-0.9	45	50	0.978	0.0044911	0.9835	0.00396989	-1	-1	-1	-1
-1.2	-0.9	50	60	0.9806	0.00872009	0.9878	0.00873212	-1	-1	-1	-1
-1.2	-0.9	60	120	0.9731	0.0101966	0.9896	0.00275862	-1	-1	-1	-1
-0.9	-0.6	20	25	0.9147	0.0231465	0.9046	0.0109481	-1	-1	-1	-1
-0.9	-0.6	25	30	0.9226	0.0234785	0.9404	0.00334215	-1	-1	-1	-1
-0.9	-0.6	30	35	0.9456	0.0148973	0.9551	0.00725603	-1	-1	-1	-1
-0.9	-0.6	35	40	0.963	0.00593043	0.9703	0.00277308	-1	-1	-1	-1
-0.9	-0.6	40	45	0.9743	0.00223607	0.982	0.00295296	-1	-1	-1	-1
-0.9	-0.6	45	50	0.9769	0.00382753	0.9843	0.00212603	-1	-1	-1	-1
-0.9	-0.6	50	60	0.9783	0.00778332	0.9845	0.00471699	-1	-1	-1	-1
-0.9	-0.6	60	120	0.9801	0.0135915	0.9859	0.00478017	-1	-1	-1	-1
-0.6	-0.3	20	25	0.9178	0.0171231	0.9113	0.0139205	-1	-1	-1	-1
-0.6	-0.3	25	30	0.9292	0.0211085	0.9446	0.00864002	-1	-1	-1	-1
-0.6	-0.3	30	35	0.9525	0.0127012	0.9618	0.00505964	-1	-1	-1	-1
-0.6	-0.3	35	40	0.9642	0.00543323	0.9697	0.00410366	-1	-1	-1	-1
-0.6	-0.3	40	45	0.9766	0.0038833	0.9823	0.00206155	-1	-1	-1	-1
-0.6	-0.3	45	50	0.9798	0.00388973	0.9861	0.00367696	-1	-1	-1	-1
-0.6	-0.3	50	60	0.9766	0.0113053	0.9856	0.00430116	-1	-1	-1	-1
-0.6	-0.3	60	120	0.9835	0.00460109	0.9868	0.00240832	-1	-1	-1	-1
-0.3	-0.2	20	25	0.8974	0.0517916	0.9085	0.0163478	-1	-1	-1	-1
-0.3	-0.2	25	30	0.9091	0.0185715	0.9325	0.0124868	-1	-1	-1	-1
-0.3	-0.2	30	35	0.9261	0.0108171	0.9462	0.00864928	-1	-1	-1	-1
-0.3	-0.2	35	40	0.9456	0.0118258	0.9601	0.00370135	-1	-1	-1	-1
-0.3	-0.2	40	45	0.9496	0.00690507	0.9692	0.00375899	-1	-1	-1	-1
-0.3	-0.2	45	50	0.951	0.0216689	0.9768	0.00389102	-1	-1	-1	-1
-0.3	-0.2	50	60	0.9507	0.0174562	0.9689	0.00686003	-1	-1	-1	-1
-0.3	-0.2	60	120	0.9679	0.0153769	0.9764	0.010018	-1	-1	-1	-1
-0.2	0	20	25	0.9248	0.05	0.9077	0.014682	-1	-1	-1	-1
-0.2	0	25	30	0.9284	0.0263911	0.9413	0.00528394	-1	-1	-1	-1
-0.2	0	30	35	0.9496	0.00984124	0.9522	0.011245	-1	-1	-1	-1
-0.2	0	35	40	0.9672	0.0118609	0.9652	0.00649384	-1	-1	-1	-1
-0.2	0	40	45	0.9746	0.00475395	0.9747	0.00519711	-1	-1	-1	-1
-0.2	0	45	50	0.9769	0.00858662	0.9796	0.00128062	-1	-1	-1	-1
-0.2	0	50	60	0.9731	0.00631585	0.9828	0.00202485	-1	-1	-1	-1
-0.2	0	60	120	0.9728	0.0268561	0.9845	0.00521536	-1	-1	-1	-1
0	0.2	20	25	0.904	0.05	0.892	0.0152611	-1	-1	-1	-1
0	0.2	25	30	0.9404	0.0103619	0.9458	0.0108268	-1	-1	-1	-1
0	0.2	30	35	0.9551	0.0142042	0.9514	0.00444185	-1	-1	-1	-1
0	0.2	35	40	0.969	0.0179402	0.9611	0.0045607	-1	-1	-1	-1
0	0.2	40	45	0.9688	0.0118152	0.9732	0.00310161	-1	-1	-1	-1
0	0.2	45	50	0.9729	0.0103407	0.9802	0.00353836	-1	-1	-1	-1
0	0.2	50	60	0.9738	0.008544	0.9825	0.0035609	-1	-1	-1	-1
0	0.2	60	120	0.9778	0.0086539	0.9802	0.00497393	-1	-1	-1	-1
0.2	0.3	20	25	0.9146	0.048458	0.8918	0.0111826	-1	-1	-1	-1
0.2	0.3	25	30	0.904	0.021154	0.9303	0.00817068	-1	-1	-1	-1
0.2	0.3	30	35	0.9315	0.013324	0.9474	0.0082365	-1	-1	-1	-1
0.2	0.3	35	40	0.9541	0.0154434	0.9628	0.00394462	-1	-1	-1	-1
0.2	0.3	40	45	0.9555	0.0157099	0.9704	0.00404969	-1	-1	-1	-1
0.2	0.3	45	50	0.9634	0.00819085	0.9678	0.00681542	-1	-1	-1	-1
0.2	0.3	50	60	0.954	0.0122772	0.9698	0.00734098	-1	-1	-1	-1
0.2	0.3	60	120	0.9578	0.020373	0.9744	0.00537587	-1	-1	-1	-1
0.3	0.6	20	25	0.9279	0.0314963	0.9082	0.01449	-1	-1	-1	-1
0.3	0.6	25	30	0.9377	0.0127389	0.9443	0.00966644	-1	-1	-1	-1
0.3	0.6	30	35	0.9505	0.0112969	0.9553	0.0074	-1	-1	-1	-1
0.3	0.6	35	40	0.9679	0.00744648	0.9734	0.00898053	-1	-1	-1	-1
0.3	0.6	40	45	0.9786	0.00905539	0.9824	0.00332415	-1	-1	-1	-1
0.3	0.6	45	50	0.9805	0.0037855	0.9838	0.00111803	-1	-1	-1	-1
0.3	0.6	50	60	0.9746	0.0116559	0.9844	0.00469574	-1	-1	-1	-1
0.3	0.6	60	120	0.9789	0.00556058	0.9854	0.00594054	-1	-1	-1	-1
0.6	0.9	20	25	0.9246	0.0185607	0.9182	0.0371615	-1	-1	-1	-1
0.6	0.9	25	30	0.9226	0.0211291	0.934	0.0136565	-1	-1	-1	-1
0.6	0.9	30	35	0.9531	0.00802808	0.9582	0.00701783	-1	-1	-1	-1
0.6	0.9	35	40	0.9631	0.00635689	0.9703	0.0037	-1	-1	-1	-1
0.6	0.9	40	45	0.9733	0.00353553	0.9791	0.00347131	-1	-1	-1	-1
0.6	0.9	45	50	0.9771	0.00471699	0.9827	0.00158114	-1	-1	-1	-1
0.6	0.9	50	60	0.9737	0.0131529	0.979	0.00566127	-1	-1	-1	-1
0.6	0.9	60	120	0.9687	0.0189275	0.9844	0.0038833	-1	-1	-1	-1
0.9	1.2	20	25	0.9116	0.0113208	0.9042	0.018058	-1	-1	-1	-1
0.9	1.2	25	30	0.9312	0.020359	0.9375	0.0104043	-1	-1	-1	-1
0.9	1.2	30	35	0.9429	0.0188011	0.9553	0.00514782	-1	-1	-1	-1
0.9	1.2	35	40	0.9607	0.00723395	0.9679	0.00565155	-1	-1	-1	-1
0.9	1.2	40	45	0.97	0.00832166	0.9814	0.00375766	-1	-1	-1	-1
0.9	1.2	45	50	0.9751	0.0045607	0.9847	0.00216333	-1	-1	-1	-1
0.9	1.2	50	60	0.9792	0.00951262	0.9817	0.00642884	-1	-1	-1	-1
0.9	1.2	60	120	0.9649	0.0155467	0.9883	0.00237065	-1	-1	-1	-1
1.2	1.4	20	25	0.9364	0.0151397	0.92	0.0132201	-1	-1	-1	-1
1.2	1.4	25	30	0.921	0.0368774	0.9336	0.00758024	-1	-1	-1	-1
1.2	1.4	30	35	0.9498	0.0167869	0.9616	0.0107448	-1	-1	-1	-1
1.2	1.4	35	40	0.9688	0.00550364	0.9705	0.0080895	-1	-1	-1	-1
1.2	1.4	40	45	0.9785	0.00502494	0.9814	0.00262488	-1	-1	-1	-1
1.2	1.4	45	50	0.9832	0.00331059	0.9824	0.00260768	-1	-1	-1	-1
1.2	1.4	50	60	0.9858	0.00407063	0.9806	0.00492037	-1	-1	-1	-1
1.2	1.4	60	120	0.9846	0.0212198	0.9848	0.00353836	-1	-1	-1	-1
1.4	1.6	20	25	0.9395	0.0275	0.9232	0.00942019	-1	-1	-1	-1
1.4	1.6	25	30	0.9338	0.03014	0.9451	0.00598164	-1	-1	-1	-1
1.4	1.6	30	35	0.9649	0.0123628	0.9585	0.0063561	-1	-1	-1	-1
1.4	1.6	35	40	0.9749	0.00528015	0.9741	0.00412311	-1	-1	-1	-1
1.4	1.6	40	45	0.9822	0.00468615	0.9846	0.00317805	-1	-1	-1	-1
1.4	1.6	45	50	0.9857	0.00332415	0.989	0.00214709	-1	-1	-1	-1
1.4	1.6	50	60	0.9896	0.00835464	0.9874	0.00377359	-1	-1	-1	-1
1.4	1.6	60	120	0.9711	0.0186815	0.9944	0.00183848	-1	-1	-1	-1
1.6	1.85	20	25	0.9301	0.0114285	0.9324	0.0112699	-1	-1	-1	-1
1.6	1.85	25	30	0.9557	0.0190066	0.9452	0.00770779	-1	-1	-1	-1
1.6	1.85	30	35	0.9625	0.0096566	0.9679	0.00631585	-1	-1	-1	-1
1.6	1.85	35	40	0.9694	0.00766942	0.9782	0.00198494	-1	-1	-1	-1
1.6	1.85	40	45	0.9857	0.00320156	0.9872	0.00300832	-1	-1	-1	-1
1.6	1.85	45	50	0.9834	0.00468188	0.9917	0.00359026	-1	-1	-1	-1
1.6	1.85	50	60	0.9859	0.0114529	0.9866	0.00579396	-1	-1	-1	-1
1.6	1.85	60	120	0.9825	0.0167171	0.9949	0.00234307	-1	-1	-1	-1
1.85	2.1	20	25	0.9188	0.0365854	0.9342	0.0156016	-1	-1	-1	-1
1.85	2.1	25	30	0.948	0.0171977	0.9558	0.00855862	-1	-1	-1	-1
1.85	2.1	30	35	0.9599	0.0107968	0.967	0.0067082	-1	-1	-1	-1
1.85	2.1	35	40	0.9707	0.0092228	0.9752	0.00942603	-1	-1	-1	-1
1.85	2.1	40	45	0.9849	0.00466154	0.9852	0.00268328	-1	-1	-1	-1
1.85	2.1	45	50	0.9871	0.00378021	0.9922	0.00338378	-1	-1	-1	-1
1.85	2.1	50	60	0.9853	0.00848764	0.9893	0.00485489	-1	-1	-1	-1
1.85	2.1	60	120	0.9878	0.0226771	0.9942	0.00310484	-1	-1	-1	-1
2.1	2.4	20	25	0.9105	0.0208435	0.9148	0.0122442	-1	-1	-1	-1
2.1	2.4	25	30	0.9243	0.0142046	0.9483	0.00516236	-1	-1	-1	-1
2.1	2.4	30	35	0.9364	0.0168077	0.9596	0.0145908	-1	-1	-1	-1
2.1	2.4	35	40	0.9481	0.00857263	0.9681	0.0106794	-1	-1	-1	-1
2.1	2.4	40	45	0.9526	0.0146113	0.9789	0.00294109	-1	-1	-1	-1
2.1	2.4	45	50	0.9577	0.00714703	0.9805	0.00319061	-1	-1	-1	-1
2.1	2.4	50	60	0.9665	0.0135	0.9848	0.00384187	-1	-1	-1	-1
2.1	2.4	60	120	0.9612	0.0252071	0.9726	0.0252579	-1	-1	-1	-1
