-2.4	-2.1	20	25	0.9179	0.0159531	0.9192	0.0109563	-1	-1	-1	-1
-2.4	-2.1	25	30	0.9163	0.0263759	0.9436	0.0110386	-1	-1	-1	-1
-2.4	-2.1	30	35	0.941	0.0126495	0.9591	0.00831986	-1	-1	-1	-1
-2.4	-2.1	35	40	0.9388	0.0127758	0.9677	0.00574891	-1	-1	-1	-1
-2.4	-2.1	40	45	0.9516	0.00691158	0.9742	0.00300167	-1	-1	-1	-1
-2.4	-2.1	45	50	0.9431	0.0123568	0.9794	0.00585235	-1	-1	-1	-1
-2.4	-2.1	50	60	0.9493	0.0130587	0.9854	0.00432782	-1	-1	-1	-1
-2.4	-2.1	60	120	0.9519	0.020906	0.9783	0.00596657	-1	-1	-1	-1
-2.1	-1.85	20	25	0.9321	0.0238516	0.9256	0.00834506	-1	-1	-1	-1
-2.1	-1.85	25	30	0.9451	0.0114477	0.9505	0.0260647	-1	-1	-1	-1
-2.1	-1.85	30	35	0.9597	0.0122332	0.9742	0.0191387	-1	-1	-1	-1
-2.1	-1.85	35	40	0.9644	0.00722772	0.9757	0.00550091	-1	-1	-1	-1
-2.1	-1.85	40	45	0.9754	0.00620967	0.9876	0.00252389	-1	-1	-1	-1
-2.1	-1.85	45	50	0.9774	0.0108683	0.9892	0.00214009	-1	-1	-1	-1
-2.1	-1.85	50	60	0.9824	0.00822192	0.9867	0.00411825	-1	-1	-1	-1
-2.1	-1.85	60	120	0.9689	0.0146986	0.9938	0.00304795	-1	-1	-1	-1
-1.85	-1.6	20	25	0.9223	0.0102474	0.9173	0.0103407	-1	-1	-1	-1
-1.85	-1.6	25	30	0.9408	0.0109165	0.9463	0.0129711	-1	-1	-1	-1
-1.85	-1.6	30	35	0.9496	0.0156605	0.9551	0.0158619	-1	-1	-1	-1
-1.85	-1.6	35	40	0.958	0.00763217	0.976	0.0052	-1	-1	-1	-1
-1.85	-1.6	40	45	0.9688	0.00607289	0.9863	0.00156205	-1	-1	-1	-1
-1.85	-1.6	45	50	0.9789	0.00683081	0.992	0.00275136	-1	-1	-1	-1
-1.85	-1.6	50	60	0.9736	0.010565	0.9871	0.0200592	-1	-1	-1	-1
-1.85	-1.6	60	120	0.9686	0.0102616	0.9891	0.00554707	-1	-1	-1	-1
-1.6	-1.4	20	25	0.9315	0.0118727	0.9264	0.00763806	-1	-1	-1	-1
-1.6	-1.4	25	30	0.9301	0.0349268	0.948	0.0135989	-1	-1	-1	-1
-1.6	-1.4	30	35	0.9556	0.0166904	0.9607	0.00559732	-1	-1	-1	-1
-1.6	-1.4	35	40	0.9723	0.00708378	0.9728	0.00306105	-1	-1	-1	-1
-1.6	-1.4	40	45	0.9806	0.00498197	0.9844	0.00348855	-1	-1	-1	-1
-1.6	-1.4	45	50	0.9861	0.00371214	0.9857	0.00148661	-1	-1	-1	-1
-1.6	-1.4	50	60	0.9872	0.00776209	0.9901	0.003245	-1	-1	-1	-1
-1.6	-1.4	60	120	0.9897	0.010824	0.9938	0.00205913	-1	-1	-1	-1
-1.4	-1.2	20	25	0.942	0.0105688	0.9169	0.0106301	-1	-1	-1	-1
-1.4	-1.2	25	30	0.9345	0.028457	0.9386	0.00813941	-1	-1	-1	-1
-1.4	-1.2	30	35	0.9508	0.011905	0.9552	0.0117277	-1	-1	-1	-1
-1.4	-1.2	35	40	0.9692	0.00470106	0.97	0.0045793	-1	-1	-1	-1
-1.4	-1.2	40	45	0.9797	0.00156525	0.981	0.00565685	-1	-1	-1	-1
-1.4	-1.2	45	50	0.9829	0.00367151	0.9849	0.00283196	-1	-1	-1	-1
-1.4	-1.2	50	60	0.9875	0.00580086	0.9869	0.00222036	-1	-1	-1	-1
-1.4	-1.2	60	120	0.9864	0.00694046	0.9913	0.00459674	-1	-1	-1	-1
-1.2	-0.9	20	25	0.9329	0.0162265	0.9188	0.011887	-1	-1	-1	-1
-1.2	-0.9	25	30	0.939	0.00737902	0.9416	0.00631269	-1	-1	-1	-1
-1.2	-0.9	30	35	0.9515	0.0138813	0.9532	0.00649384	-1	-1	-1	-1
-1.2	-0.9	35	40	0.965	0.00468722	0.9704	0.00332866	-1	-1	-1	-1
-1.2	-0.9	40	45	0.9752	0.00445533	0.9781	0.00192094	-1	-1	-1	-1
-1.2	-0.9	45	50	0.9768	0.00559017	0.9819	0.00134164	-1	-1	-1	-1
-1.2	-0.9	50	60	0.9765	0.0109786	0.9812	0.00339706	-1	-1	-1	-1
-1.2	-0.9	60	120	0.9744	0.0140769	0.9876	0.00601082	-1	-1	-1	-1
-0.9	-0.6	20	25	0.9067	0.0199973	0.913	0.00926553	-1	-1	-1	-1
-0.9	-0.6	25	30	0.9227	0.0360235	0.9396	0.0087367	-1	-1	-1	-1
-0.9	-0.6	30	35	0.9471	0.0114438	0.9541	0.00620967	-1	-1	-1	-1
-0.9	-0.6	35	40	0.9635	0.00670075	0.9712	0.00272947	-1	-1	-1	-1
-0.9	-0.6	40	45	0.9719	0.00780577	0.981	0.00241661	-1	-1	-1	-1
-0.9	-0.6	45	50	0.977	0.00511957	0.983	0.00430813	-1	-1	-1	-1
-0.9	-0.6	50	60	0.9686	0.0188534	0.9855	0.00336155	-1	-1	-1	-1
-0.9	-0.6	60	120	0.979	0.00813449	0.9852	0.00216333	-1	-1	-1	-1
-0.6	-0.3	20	25	0.9257	0.0488222	0.9107	0.00893756	-1	-1	-1	-1
-0.6	-0.3	25	30	0.9376	0.0113208	0.9366	0.0064195	-1	-1	-1	-1
-0.6	-0.3	30	35	0.9572	0.0076844	0.966	0.0156416	-1	-1	-1	-1
-0.6	-0.3	35	40	0.9657	0.00794796	0.9715	0.0060531	-1	-1	-1	-1
-0.6	-0.3	40	45	0.9765	0.00644981	0.9817	0.0025807	-1	-1	-1	-1
-0.6	-0.3	45	50	0.9799	0.00420595	0.9846	0.00234094	-1	-1	-1	-1
-0.6	-0.3	50	60	0.9763	0.0124197	0.9886	0.00246982	-1	-1	-1	-1
-0.6	-0.3	60	120	0.9798	0.00934077	0.988	0.00319061	-1	-1	-1	-1
-0.3	-0.2	20	25	0.8854	0.0424694	0.8911	0.0173104	-1	-1	-1	-1
-0.3	-0.2	25	30	0.9052	0.0154208	0.9284	0.00736003	-1	-1	-1	-1
-0.3	-0.2	30	35	0.9311	0.00988433	0.9451	0.00555698	-1	-1	-1	-1
-0.3	-0.2	35	40	0.9466	0.0113596	0.9592	0.00715122	-1	-1	-1	-1
-0.3	-0.2	40	45	0.9504	0.00930591	0.9672	0.00362353	-1	-1	-1	-1
-0.3	-0.2	45	50	0.9534	0.00367967	0.9752	0.00391152	-1	-1	-1	-1
-0.3	-0.2	50	60	0.9485	0.0130633	0.9741	0.0042638	-1	-1	-1	-1
-0.3	-0.2	60	120	0.9633	0.0347196	0.9787	0.00722496	-1	-1	-1	-1
-0.2	0	20	25	0.91	0.05	0.928	0.0283028	-1	-1	-1	-1
-0.2	0	25	30	0.9392	0.0126625	0.9495	0.0178059	-1	-1	-1	-1
-0.2	0	30	35	0.9526	0.00792023	0.9598	0.0161941	-1	-1	-1	-1
-0.2	0	35	40	0.9669	0.00807527	0.9645	0.00348855	-1	-1	-1	-1
-0.2	0	40	45	0.972	0.00874643	0.9777	0.00254951	-1	-1	-1	-1
-0.2	0	45	50	0.9714	0.00781025	0.98	0.00178885	-1	-1	-1	-1
-0.2	0	50	60	0.9685	0.01464	0.9814	0.00832166	-1	-1	-1	-1
-0.2	0	60	120	0.9778	0.00980816	0.9854	0.00532353	-1	-1	-1	-1
0	0.2	20	25	0.9295	0.05	0.9157	0.0112712	-1	-1	-1	-1
0	0.2	25	30	0.9355	0.035149	0.9404	0.00278029	-1	-1	-1	-1
0	0.2	30	35	0.9473	0.0118849	0.9594	0.0090471	-1	-1	-1	-1
0	0.2	35	40	0.9627	0.0125734	0.9644	0.00417852	-1	-1	-1	-1
0	0.2	40	45	0.9673	0.0100285	0.9766	0.00183576	-1	-1	-1	-1
0	0.2	45	50	0.9719	0.0109659	0.9792	0.00264197	-1	-1	-1	-1
0	0.2	50	60	0.9766	0.0115953	0.974	0.00638905	-1	-1	-1	-1
0	0.2	60	120	0.981	0.0271627	0.9787	0.00496488	-1	-1	-1	-1
0.2	0.3	20	25	0.9162	0.0422238	0.9009	0.0144516	-1	-1	-1	-1
0.2	0.3	25	30	0.9292	0.0394868	0.9276	0.00670671	-1	-1	-1	-1
0.2	0.3	30	35	0.9348	0.01436	0.9475	0.00549181	-1	-1	-1	-1
0.2	0.3	35	40	0.951	0.0122931	0.959	0.00890506	-1	-1	-1	-1
0.2	0.3	40	45	0.962	0.00358469	0.9674	0.0045793	-1	-1	-1	-1
0.2	0.3	45	50	0.9604	0.0101074	0.9676	0.00696348	-1	-1	-1	-1
0.2	0.3	50	60	0.9586	0.0124326	0.9676	0.0105622	-1	-1	-1	-1
0.2	0.3	60	120	0.9652	0.0167869	0.9774	0.0103407	-1	-1	-1	-1
0.3	0.6	20	25	0.918	0.0261008	0.9141	0.0139176	-1	-1	-1	-1
0.3	0.6	25	30	0.937	0.012225	0.9389	0.00827647	-1	-1	-1	-1
0.3	0.6	30	35	0.9495	0.0107229	0.9566	0.00723671	-1	-1	-1	-1
0.3	0.6	35	40	0.967	0.00697782	0.9703	0.00514198	-1	-1	-1	-1
0.3	0.6	40	45	0.9777	0.00787718	0.9815	0.00332866	-1	-1	-1	-1
0.3	0.6	45	50	0.9772	0.00506952	0.985	0.00268328	-1	-1	-1	-1
0.3	0.6	50	60	0.9794	0.00728972	0.987	0.00482701	-1	-1	-1	-1
0.3	0.6	60	120	0.9805	0.0131795	0.9885	0.00242074	-1	-1	-1	-1
0.6	0.9	20	25	0.9077	0.0115378	0.92	0.0136059	-1	-1	-1	-1
0.6	0.9	25	30	0.9316	0.0202386	0.9333	0.0143611	-1	-1	-1	-1
0.6	0.9	30	35	0.9564	0.0156016	0.9588	0.00738173	-1	-1	-1	-1
0.6	0.9	35	40	0.965	0.0078924	0.9705	0.00377359	-1	-1	-1	-1
0.6	0.9	40	45	0.9736	0.00445533	0.9803	0.00298329	-1	-1	-1	-1
0.6	0.9	45	50	0.9791	0.00274591	0.9814	0.00237697	-1	-1	-1	-1
0.6	0.9	50	60	0.9812	0.0128787	0.9825	0.00416773	-1	-1	-1	-1
0.6	0.9	60	120	0.9885	0.00412311	0.9883	0.00639766	-1	-1	-1	-1
0.9	1.2	20	25	0.9218	0.0112872	0.9076	0.0134614	-1	-1	-1	-1
0.9	1.2	25	30	0.9285	0.0178709	0.9386	0.00826801	-1	-1	-1	-1
0.9	1.2	30	35	0.9487	0.0120603	0.9546	0.00504876	-1	-1	-1	-1
0.9	1.2	35	40	0.9616	0.00622896	0.9704	0.00480521	-1	-1	-1	-1
0.9	1.2	40	45	0.9744	0.00458912	0.9818	0.0035609	-1	-1	-1	-1
0.9	1.2	45	50	0.9752	0.00598415	0.9824	0.00328024	-1	-1	-1	-1
0.9	1.2	50	60	0.9753	0.0146219	0.9805	0.00384708	-1	-1	-1	-1
0.9	1.2	60	120	0.9773	0.00970464	0.9869	0.00332866	-1	-1	-1	-1
1.2	1.4	20	25	0.9264	0.0227297	0.9158	0.00791581	-1	-1	-1	-1
1.2	1.4	25	30	0.9416	0.0220785	0.9464	0.00694622	-1	-1	-1	-1
1.2	1.4	30	35	0.9555	0.016225	0.9582	0.0131518	-1	-1	-1	-1
1.2	1.4	35	40	0.9663	0.00799062	0.9677	0.00585235	-1	-1	-1	-1
1.2	1.4	40	45	0.9792	0.00522015	0.9806	0.00219545	-1	-1	-1	-1
1.2	1.4	45	50	0.9851	0.00344819	0.9875	0.00359026	-1	-1	-1	-1
1.2	1.4	50	60	0.9863	0.0550015	0.985	0.00706045	-1	-1	-1	-1
1.2	1.4	60	120	0.9924	0.02067	0.9846	0.00499299	-1	-1	-1	-1
1.4	1.6	20	25	0.9321	0.0109252	0.924	0.00814002	-1	-1	-1	-1
1.4	1.6	25	30	0.939	0.0139946	0.9489	0.00796241	-1	-1	-1	-1
1.4	1.6	30	35	0.9587	0.0106471	0.9634	0.0039	-1	-1	-1	-1
1.4	1.6	35	40	0.9724	0.00449444	0.9726	0.00524786	-1	-1	-1	-1
1.4	1.6	40	45	0.9851	0.00290689	0.9857	0.0019799	-1	-1	-1	-1
1.4	1.6	45	50	0.9846	0.004245	0.9878	0.00278029	-1	-1	-1	-1
1.4	1.6	50	60	0.9895	0.00824621	0.9874	0.00735391	-1	-1	-1	-1
1.4	1.6	60	120	0.98	0.0259478	0.9933	0.00282843	-1	-1	-1	-1
1.6	1.85	20	25	0.9357	0.0169098	0.9268	0.0097949	-1	-1	-1	-1
1.6	1.85	25	30	0.9447	0.0081939	0.946	0.00736003	-1	-1	-1	-1
1.6	1.85	30	35	0.9579	0.00961769	0.9675	0.00574543	-1	-1	-1	-1
1.6	1.85	35	40	0.9747	0.00470744	0.9781	0.00386005	-1	-1	-1	-1
1.6	1.85	40	45	0.9801	0.00585235	0.987	0.00178045	-1	-1	-1	-1
1.6	1.85	45	50	0.9794	0.00642573	0.9902	0.00234094	-1	-1	-1	-1
1.6	1.85	50	60	0.9689	0.0275637	0.9896	0.00326497	-1	-1	-1	-1
1.6	1.85	60	120	0.9872	0.0253671	0.9925	0.00250799	-1	-1	-1	-1
1.85	2.1	20	25	0.9344	0.0129973	0.9285	0.0118962	-1	-1	-1	-1
1.85	2.1	25	30	0.9553	0.012791	0.953	0.0106963	-1	-1	-1	-1
1.85	2.1	30	35	0.9608	0.0803754	0.9726	0.00610983	-1	-1	-1	-1
1.85	2.1	35	40	0.9731	0.00471275	0.9793	0.0039598	-1	-1	-1	-1
1.85	2.1	40	45	0.979	0.00844038	0.9888	0.002	-1	-1	-1	-1
1.85	2.1	45	50	0.985	0.00470106	0.9914	0.00180278	-1	-1	-1	-1
1.85	2.1	50	60	0.9891	0.0166331	0.9949	0.00156525	-1	-1	-1	-1
1.85	2.1	60	120	0.99	0.0164794	0.9899	0.00716938	-1	-1	-1	-1
2.1	2.4	20	25	0.909	0.0166976	0.9119	0.00630079	-1	-1	-1	-1
2.1	2.4	25	30	0.9251	0.0174106	0.9519	0.0078	-1	-1	-1	-1
2.1	2.4	30	35	0.9364	0.0101833	0.9615	0.00961769	-1	-1	-1	-1
2.1	2.4	35	40	0.9512	0.00856154	0.9675	0.00306105	-1	-1	-1	-1
2.1	2.4	40	45	0.9557	0.00635689	0.9758	0.00172047	-1	-1	-1	-1
2.1	2.4	45	50	0.9536	0.0107424	0.9803	0.00353836	-1	-1	-1	-1
2.1	2.4	50	60	0.9537	0.0166388	0.9856	0.00514296	-1	-1	-1	-1
2.1	2.4	60	120	0.9693	0.0220484	0.9827	0.00932363	-1	-1	-1	-1
